INSERT INTO wtl.cities_v2 (city_name
    , population
    , latitude
    , longitude
    , cost_of_living_index
    , quality_of_life_index
    , purchasing_power_index
    , safety_index
    , health_care_index
    , property_price_to_income_ratio
    , traffic_commute_time_index
    , pollution_index
    , climate_index)
SELECT 'New York, NY', 8398748, 40.6635, -73.9387, 100, 141.93, 100, 55.56, 65.05, 10.76, 43.01, 54.25, 79.66
UNION SELECT 'Los Angeles, CA', 3990456, 34.0194, -118.4108, 76.55, 144.24, 113.78, 54.93, 64.85, 7.22, 59.45, 62.86, 95.5
UNION SELECT 'Chicago, IL', 2705994, 41.8376, -87.6818, 80.18, 152.44, 113.52, 36.56, 68.27, 3.7, 41.77, 41.98, 66.11
UNION SELECT 'Houston, TX', 2325502, 29.7866, -95.3909, 65.13, 165.28, 141.31, 36.65, 71.11, 2.12, 41.42, 55.77, 85.53
UNION SELECT 'Phoenix, AZ', 1660272, 33.5722, -112.0901, 67.41, 155.66, 127.26, 48.12, 66.53, 2.85, 32.17, 57.24, 53.76
UNION SELECT 'Philadelphia, PA', 1584138, 40.0094, -75.1333, 78.84, 149.58, 100.23, 39.74, 70.47, 3.68, 40, 49.5, 77.98
UNION SELECT 'San Antonio, TX', 1532233, 29.4724, -98.5251, 65.78, 177.89, 116.4, 53.41, 72.4, 2.31, 31.55, 39.81, 80.58
UNION SELECT 'San Diego, CA', 1425976, 32.8153, -117.135, 74.22, 191.83, 130.19, 63.72, 70.69, 5.22, 33.63, 34.94, 97.08
UNION SELECT 'Dallas, TX', 1345047, 32.7933, -96.7665, 68.03, 186.28, 155.3, 50.64, 65.72, 2.24, 34.22, 42.87, 81.85
UNION SELECT 'San Jose, CA', 1030119, 37.2967, -121.8189, 78.64, 180.7, 143.48, 57.53, 70.49, 6.59, 38.14, 47.94, 95.53
UNION SELECT 'Austin, TX', 964254, 30.3039, -97.7544, 67.79, 194.86, 145.76, 64.46, 70.4, 3.58, 34.37, 35.47, 82.08
UNION SELECT 'Jacksonville, FL', 903889, 30.3369, -81.6616, 74.57, 181.76, 120.9, 43.25, 74.38, 2.03, 33.94, 31.18, 87.81
UNION SELECT 'Columbus, OH', 892533, 39.9852, -82.9848, 70.5, 200.44, 142.17, 58.21, 73.46, 1.89, 25.98, 25.13, 71.29
UNION SELECT 'San Francisco, CA', 883305, 37.7272, -123.0322, 91.51, 166.86, 135.9, 47.21, 66.88, 7.78, 49.72, 42.73, 97.26
UNION SELECT 'Indianapolis, IN', 867125, 39.7767, -86.1459, 66.34, 163.46, 110.02, 43.1, 69.88, 2.3, 29.4, 44.58, 69.92
UNION SELECT 'Seattle, WA', 744955, 47.6205, -122.3509, 85.77, 186, 133.43, 53.5, 73.79, 5.62, 42.17, 28.41, 91.73
UNION SELECT 'Denver, CO', 716492, 39.7619, -104.8811, 73.3, 171.42, 130.33, 59.11, 70.1, 4.21, 36.75, 40.73, 56.28
UNION SELECT 'Washington, DC', 702455, 38.9041, -77.0172, 87.74, 168.66, 130.25, 43.72, 70.23, 4.42, 41.97, 39.62, 81.62
UNION SELECT 'Boston, MA', 694583, 42.332, -71.0202, 82.88, 174.91, 112.39, 64.37, 75.3, 7.81, 44.86, 26.61, 71.73
UNION SELECT 'Detroit, MI', 672662, 42.383, -83.1022, 63.85, 126.13, 78.58, 27.38, 64.02, 1.7, 46.45, 52.94, 66.03
UNION SELECT 'Nashville, TN', 669053, 36.1718, -86.785, 73.19, 174.31, 122.67, 53.26, 64.26, 2.99, 38.14, 38.08, 83.02
UNION SELECT 'Portland, OR', 653115, 45.537, -122.65, 78.63, 181.59, 112.82, 52.11, 72.88, 4.33, 33.38, 29.57, 89.56
UNION SELECT 'Las Vegas, NV', 644644, 36.2292, -115.2601, 67.46, 158.86, 127.88, 44.91, 55.96, 2.75, 26.81, 50.04, 57.4
UNION SELECT 'Baltimore, MD', 602495, 39.3, -76.6105, 74.29, 163.37, 125.24, 26.77, 76.44, 2.42, 31.78, 48.05, 81.24
UNION SELECT 'Tucson, AZ', 545975, 32.1531, -110.8706, 72.12, 173.18, 105.2, 50.09, 59.75, 2.81, 29.5, 25.95, 72.66
UNION SELECT 'Sacramento, CA', 508529, 38.5666, -121.4686, 77, 174.97, 115.4, 50.21, 68, 3.72, 26.64, 43.44, 90.64
UNION SELECT 'Atlanta, GA', 498044, 33.7629, -84.4227, 73.89, 170.58, 140.47, 37.8, 65.86, 2.87, 42.36, 43.98, 89.73
UNION SELECT 'Kansas City, MO', 491918, 39.1251, -94.551, 69.17, 187.36, 134.63, 40.84, 78.94, 1.86, 26.18, 32.48, 75.08
UNION SELECT 'Miami, FL', 470914, 25.7752, -80.2086, 74.16, 157.18, 100.26, 47.51, 64.37, 4.79, 43.29, 40.71, 85.69
UNION SELECT 'Oakland, CA', 429082, 37.7698, -122.2257, 86.51, 167.76, 113.6, 35.33, 78.75, 6.39, 37.96, 37.44, 96.4
UNION SELECT 'Minneapolis, MN', 425403, 44.9633, -93.2683, 76.7, 177.45, 127.18, 50.96, 79.01, 2.95, 36.72, 27.01, 49.46
UNION SELECT 'Tampa, FL', 392890, 27.9701, -82.4797, 67.1, 184.79, 126.19, 50.46, 67.91, 2.81, 35.84, 28.3, 84.67
UNION SELECT 'Honolulu, HI', 347397, 21.3243, -157.8476, 89.7, 159.86, 88.29, 56.55, 70.71, 9.32, 41.45, 37.16, 95.33
UNION SELECT 'Cincinnati, OH', 302605, 39.1402, -84.5058, 61.64, 180.59, 131.81, 50.76, 68.63, 2.22, 24.89, 42.82, 73.24
UNION SELECT 'Pittsburgh, PA', 301048, 40.4398, -79.9766, 73.61, 176.92, 123.08, 63.53, 72.38, 1.99, 38.31, 42.85, 72.13
UNION SELECT 'Anchorage, AK', 291538, 61.1743, -149.2843, 91.36, 167.96, 118.44, 38.88, 60.62, 2.53, 27.64, 17.23, 41.61
UNION SELECT 'Orlando, FL', 285713, 28.4166, -81.2736, 65.7, 167.92, 102.08, 47.84, 63.52, 3.2, 37.06, 34.53, 87.23
UNION SELECT 'Madison, WI', 258054, 43.0878, -89.4299, 64.67, 200.18, 124.31, 70.27, 78.83, 3.35, 23.73, 17.61, 51.64
UNION SELECT 'Reno, NV', 250998, 39.5491, -119.8499, 73.85, 176.51, 116.1, 55.35, 62.24, 3.49, 24.89, 29.9, 62.28